{
  "name": "mixamo.com",
  "duration": 1.0333333333333334,
  "fps": 30,
  "boneCount": 99,
  "keyframeCount": 32,
  "bones": [
    {
      "name": "mixamorig_Hips",
      "index": 0,
      "parentIndex": -1
    },
    {
      "name": "mixamorig_Spine",
      "index": 1,
      "parentIndex": 0
    },
    {
      "name": "mixamorig_Spine1",
      "index": 2,
      "parentIndex": 1
    },
    {
      "name": "mixamorig_Spine2",
      "index": 3,
      "parentIndex": 2
    },
    {
      "name": "mixamorig_Neck",
      "index": 4,
      "parentIndex": 3
    },
    {
      "name": "mixamorig_Head",
      "index": 5,
      "parentIndex": 4
    },
    {
      "name": "mixamorig_HeadTop_End",
      "index": 6,
      "parentIndex": 5
    },
    {
      "name": "mixamorig_LeftEye",
      "index": 7,
      "parentIndex": 5
    },
    {
      "name": "mixamorig_RightEye",
      "index": 8,
      "parentIndex": 5
    },
    {
      "name": "mixamorig_LeftShoulder",
      "index": 9,
      "parentIndex": 3
    },
    {
      "name": "mixamorig_LeftArm",
      "index": 10,
      "parentIndex": 9
    },
    {
      "name": "mixamorig_LeftForeArm",
      "index": 11,
      "parentIndex": 10
    },
    {
      "name": "mixamorig_LeftHand",
      "index": 12,
      "parentIndex": 11
    },
    {
      "name": "mixamorig_LeftHandThumb1",
      "index": 13,
      "parentIndex": 12
    },
    {
      "name": "mixamorig_LeftHandThumb2",
      "index": 14,
      "parentIndex": 13
    },
    {
      "name": "mixamorig_LeftHandThumb3",
      "index": 15,
      "parentIndex": 14
    },
    {
      "name": "mixamorig_LeftHandThumb4",
      "index": 16,
      "parentIndex": 15
    },
    {
      "name": "mixamorig_LeftHandIndex1",
      "index": 17,
      "parentIndex": 12
    },
    {
      "name": "mixamorig_LeftHandIndex2",
      "index": 18,
      "parentIndex": 17
    },
    {
      "name": "mixamorig_LeftHandIndex3",
      "index": 19,
      "parentIndex": 18
    },
    {
      "name": "mixamorig_LeftHandIndex4",
      "index": 20,
      "parentIndex": 19
    },
    {
      "name": "mixamorig_LeftHandMiddle1",
      "index": 21,
      "parentIndex": 12
    },
    {
      "name": "mixamorig_LeftHandMiddle2",
      "index": 22,
      "parentIndex": 21
    },
    {
      "name": "mixamorig_LeftHandMiddle3",
      "index": 23,
      "parentIndex": 22
    },
    {
      "name": "mixamorig_LeftHandMiddle4",
      "index": 24,
      "parentIndex": 23
    },
    {
      "name": "mixamorig_LeftHandRing1",
      "index": 25,
      "parentIndex": 12
    },
    {
      "name": "mixamorig_LeftHandRing2",
      "index": 26,
      "parentIndex": 25
    },
    {
      "name": "mixamorig_LeftHandRing3",
      "index": 27,
      "parentIndex": 26
    },
    {
      "name": "mixamorig_LeftHandRing4",
      "index": 28,
      "parentIndex": 27
    },
    {
      "name": "mixamorig_LeftHandPinky1",
      "index": 29,
      "parentIndex": 12
    },
    {
      "name": "mixamorig_LeftHandPinky2",
      "index": 30,
      "parentIndex": 29
    },
    {
      "name": "mixamorig_LeftHandPinky3",
      "index": 31,
      "parentIndex": 30
    },
    {
      "name": "mixamorig_LeftHandPinky4",
      "index": 32,
      "parentIndex": 31
    },
    {
      "name": "mixamorig_RightShoulder",
      "index": 33,
      "parentIndex": 3
    },
    {
      "name": "mixamorig_RightArm",
      "index": 34,
      "parentIndex": 33
    },
    {
      "name": "mixamorig_RightForeArm",
      "index": 35,
      "parentIndex": 34
    },
    {
      "name": "mixamorig_RightHand",
      "index": 36,
      "parentIndex": 35
    },
    {
      "name": "mixamorig_RightHandThumb1",
      "index": 37,
      "parentIndex": 36
    },
    {
      "name": "mixamorig_RightHandThumb2",
      "index": 38,
      "parentIndex": 37
    },
    {
      "name": "mixamorig_RightHandThumb3",
      "index": 39,
      "parentIndex": 38
    },
    {
      "name": "mixamorig_RightHandThumb4",
      "index": 40,
      "parentIndex": 39
    },
    {
      "name": "mixamorig_RightHandIndex1",
      "index": 41,
      "parentIndex": 36
    },
    {
      "name": "mixamorig_RightHandIndex2",
      "index": 42,
      "parentIndex": 41
    },
    {
      "name": "mixamorig_RightHandIndex3",
      "index": 43,
      "parentIndex": 42
    },
    {
      "name": "mixamorig_RightHandIndex4",
      "index": 44,
      "parentIndex": 43
    },
    {
      "name": "mixamorig_RightHandMiddle1",
      "index": 45,
      "parentIndex": 36
    },
    {
      "name": "mixamorig_RightHandMiddle2",
      "index": 46,
      "parentIndex": 45
    },
    {
      "name": "mixamorig_RightHandMiddle3",
      "index": 47,
      "parentIndex": 46
    },
    {
      "name": "mixamorig_RightHandMiddle4",
      "index": 48,
      "parentIndex": 47
    },
    {
      "name": "mixamorig_RightHandRing1",
      "index": 49,
      "parentIndex": 36
    },
    {
      "name": "mixamorig_RightHandRing2",
      "index": 50,
      "parentIndex": 49
    },
    {
      "name": "mixamorig_RightHandRing3",
      "index": 51,
      "parentIndex": 50
    },
    {
      "name": "mixamorig_RightHandRing4",
      "index": 52,
      "parentIndex": 51
    },
    {
      "name": "mixamorig_RightHandPinky1",
      "index": 53,
      "parentIndex": 36
    },
    {
      "name": "mixamorig_RightHandPinky2",
      "index": 54,
      "parentIndex": 53
    },
    {
      "name": "mixamorig_RightHandPinky3",
      "index": 55,
      "parentIndex": 54
    },
    {
      "name": "mixamorig_RightHandPinky4",
      "index": 56,
      "parentIndex": 55
    },
    {
      "name": "mixamorig_LeftUpLeg",
      "index": 57,
      "parentIndex": 0
    },
    {
      "name": "mixamorig_LeftLeg",
      "index": 58,
      "parentIndex": 57
    },
    {
      "name": "mixamorig_LeftFoot",
      "index": 59,
      "parentIndex": 58
    },
    {
      "name": "mixamorig_LeftToeBase",
      "index": 60,
      "parentIndex": 59
    },
    {
      "name": "mixamorig_LeftToe_End",
      "index": 61,
      "parentIndex": 60
    },
    {
      "name": "mixamorig_RightUpLeg",
      "index": 62,
      "parentIndex": 0
    },
    {
      "name": "mixamorig_RightLeg",
      "index": 63,
      "parentIndex": 62
    },
    {
      "name": "mixamorig_RightFoot",
      "index": 64,
      "parentIndex": 63
    },
    {
      "name": "mixamorig_RightToeBase",
      "index": 65,
      "parentIndex": 64
    },
    {
      "name": "mixamorig_RightToe_End",
      "index": 66,
      "parentIndex": 65
    },
    {
      "name": "mixamorig_F_skirt1",
      "index": 67,
      "parentIndex": 0
    },
    {
      "name": "mixamorig_F_skirt2",
      "index": 68,
      "parentIndex": 67
    },
    {
      "name": "mixamorig_F_skirt3",
      "index": 69,
      "parentIndex": 68
    },
    {
      "name": "mixamorig_F_skirt_end",
      "index": 70,
      "parentIndex": 69
    },
    {
      "name": "mixamorig_L_A_skirt1",
      "index": 71,
      "parentIndex": 0
    },
    {
      "name": "mixamorig_L_A_skirt2",
      "index": 72,
      "parentIndex": 71
    },
    {
      "name": "mixamorig_L_A_skirt3",
      "index": 73,
      "parentIndex": 72
    },
    {
      "name": "mixamorig_L_A_skirt_end",
      "index": 74,
      "parentIndex": 73
    },
    {
      "name": "mixamorig_L_B_skirt1",
      "index": 75,
      "parentIndex": 0
    },
    {
      "name": "mixamorig_L_B_skirt2",
      "index": 76,
      "parentIndex": 75
    },
    {
      "name": "mixamorig_L_B_skirt3",
      "index": 77,
      "parentIndex": 76
    },
    {
      "name": "mixamorig_L_B_skirt_end",
      "index": 78,
      "parentIndex": 77
    },
    {
      "name": "mixamorig_L_C_skirt1",
      "index": 79,
      "parentIndex": 0
    },
    {
      "name": "mixamorig_L_C_skirt2",
      "index": 80,
      "parentIndex": 79
    },
    {
      "name": "mixamorig_L_C_skirt3",
      "index": 81,
      "parentIndex": 80
    },
    {
      "name": "mixamorig_L_C_skirt_end",
      "index": 82,
      "parentIndex": 81
    },
    {
      "name": "mixamorig_R_A_skirt1",
      "index": 83,
      "parentIndex": 0
    },
    {
      "name": "mixamorig_R_A_skirt2",
      "index": 84,
      "parentIndex": 83
    },
    {
      "name": "mixamorig_R_A_skirt3",
      "index": 85,
      "parentIndex": 84
    },
    {
      "name": "mixamorig_R_A_skirt_end",
      "index": 86,
      "parentIndex": 85
    },
    {
      "name": "mixamorig_R_B_skirt1",
      "index": 87,
      "parentIndex": 0
    },
    {
      "name": "mixamorig_R_B_skirt2",
      "index": 88,
      "parentIndex": 87
    },
    {
      "name": "mixamorig_R_B_skirt3",
      "index": 89,
      "parentIndex": 88
    },
    {
      "name": "mixamorig_R_B_skirt_end",
      "index": 90,
      "parentIndex": 89
    },
    {
      "name": "mixamorig_R_bag1",
      "index": 91,
      "parentIndex": 87
    },
    {
      "name": "mixamorig_R_bag_end",
      "index": 92,
      "parentIndex": 91
    },
    {
      "name": "mixamorig_R_C_skirt1",
      "index": 93,
      "parentIndex": 0
    },
    {
      "name": "mixamorig_R_C_skirt2",
      "index": 94,
      "parentIndex": 93
    },
    {
      "name": "mixamorig_R_C_skirt3",
      "index": 95,
      "parentIndex": 94
    },
    {
      "name": "mixamorig_R_C_skirt_end",
      "index": 96,
      "parentIndex": 95
    },
    {
      "name": "L_horn1",
      "index": 97,
      "parentIndex": 0
    },
    {
      "name": "L_horn_end",
      "index": 98,
      "parentIndex": 97
    }
  ],
  "keyframes": [
    {
      "time": 0.0,
      "boneTransforms": [
        [
          0.9981734156608582,
          -0.035725679248571396,
          -0.04871859773993492,
          0.0,
          0.036545559763908386,
          0.9992032051086426,
          0.01604299061000347,
          0.0,
          0.04810663312673569,
          -0.017794135957956314,
          0.9986836910247803,
          0.0,
          0.0906321257352829,
          116.67144012451172,
          -0.058456599712371826,
          1.0
        ],
        [
          0.9998571276664734,
          0.01614159159362316,
          -0.004927720408886671,
          0.0,
          -0.016216684132814407,
          0.9997467398643494,
          -0.015598488971590996,
          0.0,
          0.0046746875159442425,
          0.015676187351346016,
          0.9998666644096375,
          0.0,
          -0.006552716717123985,
          10.82256031036377,
          -0.43066728115081787,
          1.0
        ],
        [
          0.9998899102210999,
          0.008980214595794678,
          -0.011845232918858528,
          0.0,
          -0.008610963821411133,
          0.9994868040084839,
          0.03086467832326889,
          0.0,
          0.012116328813135624,
          -0.030759254470467567,
          0.9994521141052246,
          0.0,
          1.30385160446167e-07,
          12.655097961425781,
          -1.1101365089416504e-06,
          1.0
        ],
        [
          0.999889612197876,
          0.008693050593137741,
          -0.012057614512741566,
          0.0,
          -0.00861094519495964,
          0.9999392628669739,
          0.006844878196716309,
          0.0,
          0.012116381898522377,
          -0.00674028554931283,
          0.9999048113822937,
          0.0,
          -4.7497451305389404e-08,
          14.459650993347168,
          1.7881393432617188e-07,
          1.0
        ],
        [
          0.9997461438179016,
          -0.02104262076318264,
          0.00806437712162733,
          0.0,
          0.021153267472982407,
          0.9996800422668457,
          -0.013888915069401264,
          0.0,
          -0.007769536226987839,
          0.014055978506803513,
          0.9998713135719299,
          0.0,
          -3.725290298461914e-08,
          16.135725021362305,
          -7.450580596923828e-08,
          1.0
        ],
        [
          0.998012900352478,
          0.03110029175877571,
          0.05481299012899399,
          0.0,
          -0.041832078248262405,
          0.977429211139679,
          0.20707863569259644,
          0.0,
          -0.047135598957538605,
          -0.20895995199680328,
          0.9767872095108032,
          0.0,
          -4.023313522338867e-07,
          6.791337490081787,
          -5.21242618560791e-05,
          1.0
        ],
        [
          0.9999991655349731,
          -2.3283064365386963e-10,
          2.3283064365386963e-10,
          0.0,
          2.3283064365386963e-10,
          1.0,
          -4.6584318624809384e-08,
          0.0,
          2.3283064365386963e-10,
          5.7756551541388035e-08,
          1.0,
          0.0,
          1.043081283569336e-07,
          23.104116439819336,
          3.5390257835388184e-07,
          1.0
        ],
        [
          0.9999967217445374,
          -0.002171456115320325,
          0.00017417885828763247,
          0.0,
          0.002177873393520713,
          0.9947381019592285,
          -0.1024235412478447,
          0.0,
          4.9147114623337984e-05,
          0.10242371261119843,
          0.9947404861450195,
          0.0,
          3.47239089012146,
          10.009672164916992,
          8.325390815734863,
          1.0
        ],
        [
          0.9999967217445374,
          -0.002171427244320512,
          0.00017417583148926497,
          0.0,
          0.0021778452210128307,
          0.9947381019592285,
          -0.10242348164319992,
          0.0,
          4.9146474339067936e-05,
          0.10242363810539246,
          0.9947404861450195,
          0.0,
          -3.952583074569702,
          9.961764335632324,
          8.315863609313965,
          1.0
        ],
        [
          0.2634013295173645,
          -0.006831004284322262,
          -0.9646624326705933,
          0.0,
          0.6727935075759888,
          -0.7153418660163879,
          0.18877190351486206,
          0.0,
          -0.6913525462150574,
          -0.6987412571907043,
          -0.18382598459720612,
          0.0,
          11.022895812988281,
          13.23439884185791,
          -1.5541462898254395,
          1.0
        ],
        [
          0.9854875206947327,
          -0.06608813256025314,
          0.15635423362255096,
          0.0,
          0.0022798143327236176,
          0.9261677265167236,
          0.3771045506000519,
          0.0,
          -0.16973227262496948,
          -0.3712756335735321,
          0.9128779768943787,
          0.0,
          -6.280839443206787e-06,
          16.551557540893555,
          1.975148916244507e-05,
          1.0
        ],
        [
          0.8076584339141846,
          0.5280333161354065,
          -0.26242613792419434,
          0.0,
          -0.4701070189476013,
          0.8452791571617126,
          0.2539728283882141,
          0.0,
          0.3559296727180481,
          -0.08175504207611084,
          0.9309297800064087,
          0.0,
          9.655952453613281e-06,
          27.198293685913086,
          3.601051867008209e-05,
          1.0
        ],
        [
          0.8955023288726807,
          0.3257100582122803,
          -0.30329662561416626,
          0.0,
          -0.37626928091049194,
          0.9180282950401306,
          -0.1250872164964676,
          0.0,
          0.23769274353981018,
          0.22613686323165894,
          0.9446496367454529,
          0.0,
          -7.62939453125e-06,
          21.535377502441406,
          -5.626678466796875e-05,
          1.0
        ],
        [
          0.964496910572052,
          0.17099756002426147,
          -0.2012632191181183,
          0.0,
          -0.04355926811695099,
          0.8546456098556519,
          0.5173810720443726,
          0.0,
          0.2604794502258301,
          -0.49024486541748047,
          0.8317517638206482,
          0.0,
          -1.8971786499023438,
          4.226690292358398,
          4.94092321395874,
          1.0
        ],
        [
          0.9995564222335815,
          -0.007167257368564606,
          -0.02888794243335724,
          0.0,
          0.007603004574775696,
          0.9998584985733032,
          0.015004277229309082,
          0.0,
          0.028776362538337708,
          -0.015217244625091553,
          0.9994701147079468,
          0.0,
          -0.7881174087524414,
          4.746204853057861,
          -7.62939453125e-06,
          1.0
        ],
        [
          0.9832502603530884,
          0.1822594702243805,
          0.0008938834071159363,
          0.0,
          -0.1822594553232193,
          0.9832504987716675,
          -0.00012424588203430176,
          0.0,
          -0.0009014904499053955,
          -4.0650367736816406e-05,
          0.9999994039535522,
          0.0,
          -0.3147144317626953,
          7.341198921203613,
          9.5367431640625e-06,
          1.0
        ],
        [
          0.9999997615814209,
          9.313225746154785e-08,
          7.450580596923828e-09,
          0.0,
          -1.2293457984924316e-07,
          0.9999998807907104,
          2.9802322387695312e-08,
          0.0,
          -2.9802322387695312e-08,
          4.470348358154297e-08,
          1.0,
          0.0,
          1.10283625125885,
          7.800722122192383,
          -9.5367431640625e-07,
          1.0
        ],
        [
          0.9911515712738037,
          -0.1327328234910965,
          -0.0014999210834503174,
          0.0,
          0.09789159893989563,
          0.723257839679718,
          0.68360435962677,
          0.0,
          -0.0896519124507904,
          -0.6777013540267944,
          0.7298517823219299,
          0.0,
          -2.959292411804199,
          12.531318664550781,
          1.1734933853149414,
          1.0
        ],
        [
          0.9983112812042236,
          0.021093428134918213,
          0.05410735309123993,
          0.0,
          -0.05644572526216507,
          0.13339824974536896,
          0.9894537329673767,
          0.0,
          0.013653144240379333,
          -0.9908387660980225,
          0.13436371088027954,
          0.0,
          -0.0062541961669921875,
          8.298128128051758,
          -6.67572021484375e-06,
          1.0
        ],
        [
          1.0000005960464478,
          -0.000340830534696579,
          -1.4677643775939941e-05,
          0.0,
          0.0003408212214708328,
          0.9999993443489075,
          -8.121132850646973e-07,
          0.0,
          1.4707446098327637e-05,
          8.23289155960083e-07,
          0.9999994039535522,
          0.0,
          0.0020112991333007812,
          4.720179557800293,
          -2.384185791015625e-06,
          1.0
        ],
        [
          0.9999997615814209,
          4.470348358154297e-08,
          -1.4901161193847656e-08,
          0.0,
          -5.587935447692871e-08,
          1.0000005960464478,
          -3.3527612686157227e-08,
          0.0,
          -1.4901161193847656e-08,
          -1.30385160446167e-08,
          1.000000238418579,
          0.0,
          0.0005846023559570312,
          7.2377777099609375,
          1.239776611328125e-05,
          1.0
        ],
        [
          0.9885585904121399,
          -0.11486218124628067,
          0.09777858853340149,
          0.0,
          -0.034938957542181015,
          0.4562273919582367,
          0.889177143573761,
          0.0,
          -0.14674200117588043,
          -0.8824182748794556,
          0.4469943642616272,
          0.0,
          2.3924102783203125,
          14.502280235290527,
          -0.03350353240966797,
          1.0
        ],
        [
          0.9972810745239258,
          0.03678927198052406,
          0.06383633613586426,
          0.0,
          -0.05427175760269165,
          -0.21918025612831116,
          0.9741742610931396,
          0.0,
          0.04983077943325043,
          -0.9749909043312073,
          -0.2165878713130951,
          0.0,
          0.0026674270629882812,
          8.150961875915527,
          -7.152557373046875e-06,
          1.0
        ],
        [
          1.0,
          0.0002547800540924072,
          -5.401670932769775e-06,
          0.0,
          -0.000254705548286438,
          0.9999997019767761,
          3.8743019104003906e-07,
          0.0,
          5.364418029785156e-06,
          -3.725290298461914e-07,
          1.0000007152557373,
          0.0,
          -0.0011339187622070312,
          4.559877395629883,
          6.4373016357421875e-06,
          1.0
        ],
        [
          1.0000001192092896,
          -4.470348358154297e-08,
          -1.4901161193847656e-08,
          0.0,
          -1.4901161193847656e-08,
          0.9999999403953552,
          -1.4901161193847656e-08,
          0.0,
          -2.9802322387695312e-08,
          0.0,
          0.9999991655349731,
          0.0,
          6.151199340820312e-05,
          7.7339372634887695,
          -1.71661376953125e-05,
          1.0
        ],
        [
          0.9523900747299194,
          -0.26168471574783325,
          0.156447172164917,
          0.0,
          -0.024998076260089874,
          0.4443838596343994,
          0.8954881429672241,
          0.0,
          -0.3038579225540161,
          -0.8567632436752319,
          0.4166851043701172,
          0.0,
          7.071653366088867,
          14.022065162658691,
          -0.7279043197631836,
          1.0
        ],
        [
          0.999565601348877,
          0.025628069415688515,
          0.01453380286693573,
          0.0,
          -0.007227465510368347,
          -0.26493197679519653,
          0.9642400145530701,
          0.0,
          0.028562188148498535,
          -0.9639261960983276,
          -0.264631986618042,
          0.0,
          0.0049686431884765625,
          6.963263988494873,
          4.76837158203125e-06,
          1.0
        ],
        [
          0.9999991655349731,
          -0.00017221271991729736,
          2.199411392211914e-05,
          0.0,
          0.00017227232456207275,
          1.0000004768371582,
          -4.172325134277344e-07,
          0.0,
          -2.1979212760925293e-05,
          4.470348358154297e-07,
          0.9999999403953552,
          0.0,
          -0.0009613037109375,
          3.7985715866088867,
          1.4066696166992188e-05,
          1.0
        ],
        [
          1.0000005960464478,
          1.4901161193847656e-08,
          -4.470348358154297e-08,
          0.0,
          0.0,
          0.9999997615814209,
          7.450580596923828e-08,
          0.0,
          5.960464477539063e-08,
          -1.4901161193847656e-08,
          1.0,
          0.0,
          -0.0028772354125976562,
          6.66351318359375,
          -1.239776611328125e-05,
          1.0
        ],
        [
          0.9195264577865601,
          -0.33442676067352295,
          0.20647142827510834,
          0.0,
          -0.10433225333690643,
          0.2987871468067169,
          0.9486004114151001,
          0.0,
          -0.37892821431159973,
          -0.8938031792640686,
          0.2398512363433838,
          0.0,
          10.979850769042969,
          13.884956359863281,
          0.5896468162536621,
          1.0
        ],
        [
          0.9979444742202759,
          0.059834301471710205,
          -0.022972077131271362,
          0.0,
          0.02928544580936432,
          -0.10687047243118286,
          0.993841826915741,
          0.0,
          0.0570107102394104,
          -0.9924704432487488,
          -0.10840312391519547,
          0.0,
          0.0002956390380859375,
          3.9756970405578613,
          9.5367431640625e-06,
          1.0
        ],
        [
          0.9999984502792358,
          7.15106725692749e-05,
          1.780688762664795e-06,
          0.0,
          -7.157027721405029e-05,
          1.0000001192092896,
          -4.202127456665039e-06,
          0.0,
          -1.7285346984863281e-06,
          4.194676876068115e-06,
          1.0000001192092896,
          0.0,
          -0.0003528594970703125,
          2.7997379302978516,
          -8.821487426757812e-06,
          1.0
        ],
        [
          1.0000008344650269,
          4.470348358154297e-08,
          -1.4901161193847656e-08,
          0.0,
          -1.4901161193847656e-08,
          0.9999997019767761,
          7.450580596923828e-09,
          0.0,
          7.450580596923828e-09,
          -2.2351741790771484e-08,
          1.0000001192092896,
          0.0,
          -0.00043487548828125,
          5.669591426849365,
          4.5299530029296875e-06,
          1.0
        ],
        [
          0.14145201444625854,
          -0.027664339169859886,
          0.9895588159561157,
          0.0,
          -0.6819082498550415,
          -0.7273584604263306,
          0.07714077830314636,
          0.0,
          0.7176299095153809,
          -0.685699999332428,
          -0.12175078690052032,
          0.0,
          -10.882429122924805,
          13.272536277770996,
          -1.5532617568969727,
          1.0
        ],
        [
          0.9418031573295593,
          0.29488405585289,
          -0.16140028834342957,
          0.0,
          -0.19341957569122314,
          0.8680323958396912,
          0.4572829008102417,
          0.0,
          0.274946004152298,
          -0.3994525372982025,
          0.8745521306991577,
          0.0,
          -5.960464477539062e-07,
          16.507122039794922,
          -4.482269287109375e-05,
          1.0
        ],
        [
          0.8923506736755371,
          -0.41781798005104065,
          0.17069606482982635,
          0.0,
          0.3666437864303589,
          0.8916114568710327,
          0.2657121419906616,
          0.0,
          -0.26321375370025635,
          -0.17452409863471985,
          0.9488211870193481,
          0.0,
          5.4836273193359375e-06,
          19.953767776489258,
          8.054077625274658e-06,
          1.0
        ],
        [
          0.9263700246810913,
          0.054063938558101654,
          0.37271595001220703,
          0.0,
          -0.0013923011720180511,
          0.9901269674301147,
          -0.14016112685203552,
          0.0,
          -0.37661439180374146,
          0.1293220818042755,
          0.9172985553741455,
          0.0,
          -1.430511474609375e-06,
          28.81043243408203,
          1.615285873413086e-05,
          1.0
        ],
        [
          0.8805481791496277,
          -0.4737059473991394,
          -0.015428662300109863,
          0.0,
          0.44988417625427246,
          0.8251391053199768,
          0.34168779850006104,
          0.0,
          -0.14912846684455872,
          -0.3078134059906006,
          0.9396864175796509,
          0.0,
          1.5395972728729248,
          3.801143169403076,
          1.9726219177246094,
          1.0
        ],
        [
          0.913885772228241,
          0.1156577467918396,
          0.38914594054222107,
          0.0,
          -0.20367220044136047,
          0.9598169326782227,
          0.1930457502603531,
          0.0,
          -0.3511817157268524,
          -0.2556803226470947,
          0.9007217288017273,
          0.0,
          0.26782941818237305,
          4.847257614135742,
          -1.1920928955078125e-07,
          1.0
        ],
        [
          0.9998056888580322,
          -0.019077781587839127,
          -0.005038987845182419,
          0.0,
          0.01907707378268242,
          0.9998190999031067,
          -0.00018120557069778442,
          0.0,
          0.005041463300585747,
          8.513033390045166e-05,
          0.9999877214431763,
          0.0,
          -0.08109617233276367,
          4.705113410949707,
          6.198883056640625e-06,
          1.0
        ],
        [
          0.9999999403953552,
          -4.4330954551696777e-07,
          8.791685104370117e-07,
          0.0,
          4.4330954551696777e-07,
          0.9999997615814209,
          -1.0021030902862549e-06,
          0.0,
          -8.977949619293213e-07,
          9.98377799987793e-07,
          0.9999996423721313,
          0.0,
          -0.18672895431518555,
          5.139163017272949,
          3.814697265625e-06,
          1.0
        ],
        [
          0.994909405708313,
          -0.0937039852142334,
          -0.03706878051161766,
          0.0,
          0.09562854468822479,
          0.7619543671607971,
          0.6405314207077026,
          0.0,
          -0.031775571405887604,
          -0.6408160328865051,
          0.767036497592926,
          0.0,
          5.382813453674316,
          13.3070707321167,
          -0.08517742156982422,
          1.0
        ],
        [
          0.996300995349884,
          -0.024823181331157684,
          -0.08225911855697632,
          0.0,
          0.08542126417160034,
          0.38945499062538147,
          0.9170758128166199,
          0.0,
          0.009271468967199326,
          -0.9207114577293396,
          0.3901352286338806,
          0.0,
          -0.0016851425170898438,
          3.9214141368865967,
          -9.5367431640625e-07,
          1.0
        ],
        [
          1.000001072883606,
          0.0004617222584784031,
          2.7198344469070435e-05,
          0.0,
          -0.00046172854490578175,
          0.9999993443489075,
          -7.35744833946228e-07,
          0.0,
          -2.7239322662353516e-05,
          7.450580596923828e-07,
          0.9999995231628418,
          0.0,
          -0.00026226043701171875,
          3.1787095069885254,
          -2.5033950805664062e-06,
          1.0
        ],
        [
          0.9999994039535522,
          3.934837877750397e-08,
          -4.470348358154297e-08,
          0.0,
          -2.561137080192566e-08,
          1.0000004768371582,
          1.862645149230957e-09,
          0.0,
          5.21540641784668e-08,
          7.450580596923828e-09,
          1.0000001192092896,
          0.0,
          0.0018773078918457031,
          5.164406776428223,
          6.556510925292969e-06,
          1.0
        ],
        [
          0.9915766716003418,
          -0.09972193092107773,
          -0.08264656364917755,
          0.0,
          0.1275566816329956,
          0.6412755846977234,
          0.7566329836845398,
          0.0,
          -0.022453654557466507,
          -0.7608023881912231,
          0.6485942602157593,
          0.0,
          1.6954503059387207,
          14.60922622680664,
          0.0497593879699707,
          1.0
        ],
        [
          0.994070291519165,
          -0.02711479365825653,
          -0.10530445724725723,
          0.0,
          0.10864652693271637,
          0.28765594959259033,
          0.9515519142150879,
          0.0,
          0.004490258172154427,
          -0.9573507905006409,
          0.2888961732387543,
          0.0,
          -0.000244140625,
          4.318360805511475,
          4.76837158203125e-07,
          1.0
        ],
        [
          0.9999998211860657,
          -0.0008528418838977814,
          3.1404197216033936e-06,
          0.0,
          0.0008528530597686768,
          1.0,
          1.5934929251670837e-06,
          0.0,
          -3.160908818244934e-06,
          -1.5320256352424622e-06,
          0.9999998211860657,
          0.0,
          0.00148773193359375,
          3.241044044494629,
          8.32974910736084e-06,
          1.0
        ],
        [
          0.9999998211860657,
          0.0,
          2.2351741790771484e-08,
          0.0,
          -7.450580596923828e-09,
          0.9999995827674866,
          3.5390257835388184e-08,
          0.0,
          2.0489096641540527e-08,
          -2.7939677238464355e-09,
          1.0000001192092896,
          0.0,
          -0.0019233226776123047,
          4.8792405128479,
          -7.651746273040771e-06,
          1.0
        ],
        [
          0.9840125441551208,
          -0.1712849736213684,
          -0.048787280917167664,
          0.0,
          0.15002259612083435,
          0.6495624780654907,
          0.745359480381012,
          0.0,
          -0.09597845375537872,
          -0.7407627105712891,
          0.6648743152618408,
          0.0,
          -1.709686279296875,
          14.369985580444336,
          -0.1446549892425537,
          1.0
        ],
        [
          0.9919865131378174,
          -0.11494165658950806,
          -0.05243518948554993,
          0.0,
          0.07066041231155396,
          0.16072115302085876,
          0.9844677448272705,
          0.0,
          -0.10472884774208069,
          -0.9802850484848022,
          0.16755545139312744,
          0.0,
          0.0013265609741210938,
          3.380763530731201,
          3.5762786865234375e-06,
          1.0
        ],
        [
          1.0000011920928955,
          -0.0001786649227142334,
          1.2718141078948975e-05,
          0.0,
          0.0001788213849067688,
          1.0000004768371582,
          -3.1776726245880127e-06,
          0.0,
          -1.271069049835205e-05,
          3.166496753692627e-06,
          0.9999997019767761,
          0.0,
          -0.00018286705017089844,
          2.845782995223999,
          7.152557373046875e-06,
          1.0
        ],
        [
          0.9999995827674866,
          2.2351741790771484e-08,
          1.4901161193847656e-08,
          0.0,
          3.725290298461914e-08,
          0.9999996423721313,
          2.60770320892334e-07,
          0.0,
          1.4901161193847656e-08,
          -2.980232238769531e-07,
          0.9999998807907104,
          0.0,
          -0.0012311935424804688,
          4.826147556304932,
          2.384185791015625e-07,
          1.0
        ],
        [
          0.9701306819915771,
          -0.24031321704387665,
          -0.03308487683534622,
          0.0,
          0.19405627250671387,
          0.686984121799469,
          0.7002817392349243,
          0.0,
          -0.145558163523674,
          -0.6857857704162598,
          0.7130991220474243,
          0.0,
          -4.847978591918945,
          14.008136749267578,
          -0.06863546371459961,
          1.0
        ],
        [
          0.9755405187606812,
          -0.20571082830429077,
          -0.0774979293346405,
          0.0,
          0.08828750252723694,
          0.04378614202141762,
          0.9951322674751282,
          0.0,
          -0.20131579041481018,
          -0.9776325821876526,
          0.06087701767683029,
          0.0,
          0.005651712417602539,
          2.33237624168396,
          1.2159347534179688e-05,
          1.0
        ],
        [
          0.9999986290931702,
          0.0003646165132522583,
          -8.285045623779297e-06,
          0.0,
          -0.00036463141441345215,
          0.9999995827674866,
          -9.5367431640625e-07,
          0.0,
          8.225440979003906e-06,
          8.866190910339355e-07,
          1.0000001192092896,
          0.0,
          -0.0029694437980651855,
          2.529258966445923,
          -1.5735626220703125e-05,
          1.0
        ],
        [
          1.0000005960464478,
          1.1920928955078125e-07,
          -7.450580596923828e-08,
          0.0,
          -4.470348358154297e-08,
          1.000000238418579,
          -5.960464477539063e-08,
          0.0,
          1.1920928955078125e-07,
          1.2665987014770508e-07,
          1.000000238418579,
          0.0,
          -0.0027219653129577637,
          3.2887024879455566,
          2.7120113372802734e-06,
          1.0
        ],
        [
          -0.9872851967811584,
          -0.0664866492152214,
          0.14438819885253906,
          0.0,
          0.12391047924757004,
          -0.8908615112304688,
          0.4370482563972473,
          0.0,
          0.09957195073366165,
          0.44938212633132935,
          0.8877728581428528,
          0.0,
          13.280546188354492,
          -6.012558937072754,
          -0.5313835740089417,
          1.0
        ],
        [
          0.9996760487556458,
          -0.01109360158443451,
          -0.02290324866771698,
          0.0,
          -0.017951855435967445,
          0.3304922580718994,
          -0.9436392784118652,
          0.0,
          0.018037641420960426,
          0.9437447190284729,
          0.33018553256988525,
          0.0,
          -2.384185791015625e-07,
          52.183956146240234,
          -6.198883056640625e-06,
          1.0
        ],
        [
          0.9879509806632996,
          -0.046388380229473114,
          0.1476469337940216,
          0.0,
          -0.12266311794519424,
          0.3470137119293213,
          0.9298021197319031,
          0.0,
          -0.09436777234077454,
          -0.9367104172706604,
          0.3371429145336151,
          0.0,
          -1.1324882507324219e-06,
          50.97409439086914,
          -5.602836608886719e-06,
          1.0
        ],
        [
          0.9840390086174011,
          -0.014617245644330978,
          -0.17735359072685242,
          0.0,
          0.10658599436283112,
          0.8464948534965515,
          0.5216206908226013,
          0.0,
          0.14250405132770538,
          -0.532198429107666,
          0.834540843963623,
          0.0,
          2.5033950805664062e-06,
          21.993690490722656,
          -2.9802322387695312e-06,
          1.0
        ],
        [
          1.0000001192092896,
          -5.21540641784668e-08,
          0.0,
          0.0,
          2.2351741790771484e-08,
          0.9999997019767761,
          -1.3969838619232178e-08,
          0.0,
          -3.725290298461914e-09,
          1.2386590242385864e-07,
          1.000000238418579,
          0.0,
          1.1262018233537674e-06,
          9.00355339050293,
          -1.8719583749771118e-07,
          1.0
        ],
        [
          -0.9857808947563171,
          -0.09147254377603531,
          -0.1409577578306198,
          0.0,
          0.05310509353876114,
          -0.9654478430747986,
          0.2551262676715851,
          0.0,
          -0.159424290060997,
          0.24401293694972992,
          0.9565778374671936,
          0.0,
          -13.29365348815918,
          -6.012552261352539,
          -0.5313838124275208,
          1.0
        ],
        [
          0.9908773303031921,
          0.05125568062067032,
          0.12463796883821487,
          0.0,
          0.01478230394423008,
          0.8779326677322388,
          -0.4785577058792114,
          0.0,
          -0.13395245373249054,
          0.47603467106819153,
          0.8691661953926086,
          0.0,
          1.1920928955078125e-06,
          52.153907775878906,
          -1.9073486328125e-06,
          1.0
        ],
        [
          0.9876698851585388,
          -0.04619136080145836,
          -0.1495811641216278,
          0.0,
          0.15594543516635895,
          0.20633628964424133,
          0.9659731984138489,
          0.0,
          -0.01375557854771614,
          -0.9773903489112854,
          0.21099549531936646,
          0.0,
          4.783272743225098e-06,
          51.002620697021484,
          5.811452865600586e-06,
          1.0
        ],
        [
          0.9923613667488098,
          -0.0108846016228199,
          0.12288635969161987,
          0.0,
          -0.05705825239419937,
          0.8426638245582581,
          0.5354088544845581,
          0.0,
          -0.1093795970082283,
          -0.538330614566803,
          0.8356046676635742,
          0.0,
          3.4458935260772705e-08,
          22.03017234802246,
          1.093745231628418e-05,
          1.0
        ],
        [
          0.9999997615814209,
          7.450580596923828e-09,
          -1.019798219203949e-07,
          0.0,
          8.381903171539307e-09,
          0.9999999403953552,
          -2.2351741790771484e-08,
          0.0,
          1.1175870895385742e-07,
          -1.0896474123001099e-07,
          1.0000004768371582,
          0.0,
